Michigan:1.030268722:
Georgia:1.0163662471:
Washington:1.013373424:
Texas:0.974099797:
Ohio State:0.9720809422:
Florida State:0.9683954656:
Alabama:0.9476944814:
Oregon:0.9328603668:
Missouri:0.8876984142:
Penn State:0.871142949:
LSU:0.8417656724:
Oklahoma:0.8388622659:
Ole Miss:0.8314930004:
Arizona:0.8022198718:
Louisville:0.793745697:
Oregon State:0.793662579:
Notre Dame:0.7706625172:
Iowa:0.7584094285:
NC State:0.7348444744:
Tennessee:0.7325112866:
Oklahoma State:0.7253987437:
Troy:0.7187204777:
Kansas State:0.7174561286:
SMU:0.7123032487:
Clemson:0.7062914887:
